# Game Level Exporter v1.3
MESH
BirchTree_Autumn_1_Cube.097
<Matrix 4x4 (0.7841,  0.0000, -0.6206, 0.0000)
            (0.0000,  1.0000,  0.0000, 0.0000)
            (0.6206, -0.0000,  0.7841, 0.0000)
            (0.0000,  1.5000, 32.1111, 1.0000)>
MESH
BirchTree_Autumn_2_Cube.083
<Matrix 4x4 (1.0000,  0.0000,  0.0000, 0.0000)
            (0.0000,  1.0000,  0.0000, 0.0000)
            (0.0000, -0.0000,  1.0000, 0.0000)
            (5.5408,  1.5000, 29.1804, 1.0000)>
MESH
BirchTree_Autumn_3_Cube.082
<Matrix 4x4 ( 0.9676, -0.0000,  0.2526, 0.0000)
            (-0.0000,  1.0000,  0.0000, 0.0000)
            (-0.2526, -0.0000,  0.9676, 0.0000)
            ( 0.0000,  1.5000, 27.4674, 1.0000)>
MESH
BirchTree_Autumn_4_Cube.081
<Matrix 4x4 (-0.4468, 0.0000,  0.8946, 0.0000)
            ( 0.0000, 1.0000, -0.0000, 0.0000)
            (-0.8946, 0.0000, -0.4468, 0.0000)
            ( 4.6910, 1.5000, 22.8878, 1.0000)>
MESH
BirchTree_Autumn_5_Cube.080
<Matrix 4x4 ( 0.3971, 0.0000,  0.9178, 0.0000)
            ( 0.0000, 1.0000, -0.0000, 0.0000)
            (-0.9178, 0.0000,  0.3971, 0.0000)
            (-4.4237, 1.5000, 24.6673, 1.0000)>
MESH
CommonTree_Autumn_1_Cube.089
<Matrix 4x4 ( 0.8053, -0.0000,   0.5929, 0.0000)
            (-0.0000,  1.0000,   0.0000, 0.0000)
            (-0.5929, -0.0000,   0.8053, 0.0000)
            (-1.9917,  1.5000, -28.6127, 1.0000)>
MESH
CommonTree_Autumn_2_Cube.090
<Matrix 4x4 ( 0.7254, 0.0000,  -0.6883, 0.0000)
            (-0.0000, 1.0000,  -0.0000, 0.0000)
            ( 0.6883, 0.0000,   0.7254, 0.0000)
            ( 1.2787, 1.5000, -24.8184, 1.0000)>
MESH
CommonTree_Autumn_3_Cube.091
<Matrix 4x4 ( 0.2116, -0.0000,  -0.9774, 0.0000)
            (-0.0000,  1.0000,  -0.0000, 0.0000)
            ( 0.9774,  0.0000,   0.2116, 0.0000)
            ( 4.0830,  1.5000, -29.7063, 1.0000)>
MESH
CommonTree_Autumn_4_Cube.098
<Matrix 4x4 ( 0.9312, -0.0000,   0.3645, 0.0000)
            (-0.0000,  1.0000,   0.0000, 0.0000)
            (-0.3645, -0.0000,   0.9312, 0.0000)
            (-4.6884,  1.5000, -26.5549, 1.0000)>
MESH
CommonTree_Autumn_5_Cube.139
<Matrix 4x4 (0.7933, -0.0000,  -0.6088, 0.0000)
            (0.0000,  1.0000,   0.0000, 0.0000)
            (0.6088, -0.0000,   0.7933, 0.0000)
            (2.2835,  1.5000, -32.8118, 1.0000)>
MESH
PineTree_Autumn_1_Cylinder.065
<Matrix 4x4 (  0.7823, -0.0000, 0.6229, 0.0000)
            ( -0.0000,  1.0000, 0.0000, 0.0000)
            ( -0.6229, -0.0000, 0.7823, 0.0000)
            (-34.8995,  1.5000, 2.2260, 1.0000)>
MESH
PineTree_Autumn_2_Cylinder.064
<Matrix 4x4 ( -0.1736, -0.0000, -0.9848, 0.0000)
            ( -0.0000,  1.0000, -0.0000, 0.0000)
            (  0.9848,  0.0000, -0.1736, 0.0000)
            (-30.3431,  1.5000, -1.6070, 1.0000)>
MESH
PineTree_Autumn_3_Cylinder.063
<Matrix 4x4 (  0.6325, -0.0000, -0.7746, 0.0000)
            (  0.0000,  1.0000,  0.0000, 0.0000)
            (  0.7746, -0.0000,  0.6325, 0.0000)
            (-26.3904,  1.5000,  3.0758, 1.0000)>
MESH
PineTree_Autumn_4_Cylinder.062
<Matrix 4x4 (  0.9863, 0.0000,  0.1650, 0.0000)
            (  0.0000, 1.0000, -0.0000, 0.0000)
            ( -0.1650, 0.0000,  0.9863, 0.0000)
            (-26.6000, 1.5000, -2.5703, 1.0000)>
MESH
PineTree_Autumn_5_Cylinder.061
<Matrix 4x4 (  0.9157, -0.0000,  0.4019, 0.0000)
            (  0.0000,  1.0000, -0.0000, 0.0000)
            ( -0.4019,  0.0000,  0.9157, 0.0000)
            (-33.5088,  1.5000, -2.8924, 1.0000)>
MESH
Plant_1_Plane.004
<Matrix 4x4 ( 1.0000,  0.0000,  0.0000, 0.0000)
            ( 0.0000,  1.0000,  0.0000, 0.0000)
            ( 0.0000, -0.0000,  1.0000, 0.0000)
            (13.3435,  1.4785, -0.9158, 1.0000)>
MESH
Plant_2_Cylinder.020
<Matrix 4x4 ( 1.0000,  0.0000,  0.0000, 0.0000)
            ( 0.0000,  1.0000,  0.0000, 0.0000)
            ( 0.0000, -0.0000,  1.0000, 0.0000)
            (19.7520,  1.4653, -1.6379, 1.0000)>
MESH
Plant_3_Plane
<Matrix 4x4 ( 1.0000,  0.0000,   0.0000, 0.0000)
            ( 0.0000,  1.0000,   0.0000, 0.0000)
            ( 0.0000, -0.0000,   1.0000, 0.0000)
            (12.7041,  1.4822, -12.0404, 1.0000)>
MESH
Plant_4_Plane.006
<Matrix 4x4 ( 1.0000,  0.0000, 0.0000, 0.0000)
            ( 0.0000,  1.0000, 0.0000, 0.0000)
            ( 0.0000, -0.0000, 1.0000, 0.0000)
            (13.9336,  1.4678, 9.0363, 1.0000)>
MESH
Plant_5_Plane.001
<Matrix 4x4 ( 1.0000,  0.0000,  0.0000, 0.0000)
            ( 0.0000,  1.0000,  0.0000, 0.0000)
            ( 0.0000, -0.0000,  1.0000, 0.0000)
            (21.3041,  1.4835, -9.2491, 1.0000)>
MESH
Rock_1_Cube.018
<Matrix 4x4 ( 1.2859,  0.0000,  -0.7723, 0.0000)
            ( 0.0000,  1.5000,   0.0000, 0.0000)
            ( 0.7723, -0.0000,   1.2859, 0.0000)
            (21.6117,  1.5000, -16.1590, 1.0000)>
MESH
Rock_2_Cube.016
<Matrix 4x4 (  0.5572, -0.0000,  0.8304, 0.0000)
            ( -0.0000,  1.0000,  0.0000, 0.0000)
            ( -0.8304, -0.0000,  0.5572, 0.0000)
            (-13.8545,  1.5000, 19.1541, 1.0000)>
MESH
Rock_3_Cube.017
<Matrix 4x4 ( 0.9822,  0.0000,  0.1878, 0.0000)
            (-0.0000,  1.0000,  0.0000, 0.0000)
            (-0.1878, -0.0000,  0.9822, 0.0000)
            (13.6790,  1.5000, 16.0539, 1.0000)>
MESH
Rock_4_Cube.022
<Matrix 4x4 ( 0.4032,  0.0000,  -0.9151, 0.0000)
            ( 0.0000,  1.0000,   0.0000, 0.0000)
            ( 0.9151, -0.0000,   0.4032, 0.0000)
            (16.1548,  1.6799, -20.9183, 1.0000)>
MESH
Rock_5_Cube.024
<Matrix 4x4 ( 1.0000,  0.0000,  0.0000, 0.0000)
            ( 0.0000,  1.0000,  0.0000, 0.0000)
            ( 0.0000, -0.0000,  1.0000, 0.0000)
            (-0.9213,  1.4212, 22.1786, 1.0000)>
MESH
Rock_6_Cube.026
<Matrix 4x4 ( 0.9284, -0.0000,   0.3715, 0.0000)
            ( 0.0000,  1.0000,   0.0000, 0.0000)
            (-0.3715, -0.0000,   0.9284, 0.0000)
            ( 1.3127,  1.4369, -19.4476, 1.0000)>
MESH
Rock_7_Cube.030
<Matrix 4x4 (  0.8803, -0.0000,   0.4744, 0.0000)
            ( -0.0000,  1.0000,   0.0000, 0.0000)
            ( -0.4744, -0.0000,   0.8803, 0.0000)
            (-16.3520,  1.6622, -10.6825, 1.0000)>
MESH
TreeStump_Cylinder.010
<Matrix 4x4 ( 1.0000,  0.0000,   0.0000, 0.0000)
            ( 0.0000,  1.0000,   0.0000, 0.0000)
            ( 0.0000, -0.0000,   1.0000, 0.0000)
            (19.6300,  1.5000, -24.0050, 1.0000)>
MESH
Wheat_Cube.032
<Matrix 4x4 ( 1.0000,  0.0000, 0.0000, 0.0000)
            ( 0.0000,  1.0000, 0.0000, 0.0000)
            ( 0.0000, -0.0000, 1.0000, 0.0000)
            (25.8106,  1.5000, 0.0000, 1.0000)>
MESH
Willow_Autumn_1_Cube.088
<Matrix 4x4 ( 0.7045, -0.0000, -0.7098, 0.0000)
            ( 0.0000,  1.0000,  0.0000, 0.0000)
            ( 0.7098, -0.0000,  0.7045, 0.0000)
            (25.3992,  1.5000, -3.6086, 1.0000)>
MESH
Willow_Autumn_2_Cube.087
<Matrix 4x4 ( 0.5779, -0.0000,  0.8161, 0.0000)
            (-0.0000,  1.0000,  0.0000, 0.0000)
            (-0.8161, -0.0000,  0.5779, 0.0000)
            (31.4029,  1.5000, -2.1381, 1.0000)>
MESH
Willow_Autumn_3_Cube.086
<Matrix 4x4 ( 0.5393, -0.0000, 0.8421, 0.0000)
            (-0.0000,  1.0000, 0.0000, 0.0000)
            (-0.8421, -0.0000, 0.5393, 0.0000)
            (25.2616,  1.5000, 2.0579, 1.0000)>
MESH
Willow_Autumn_4_Cube.085
<Matrix 4x4 ( 0.5347,  0.0000, -0.8450, 0.0000)
            ( 0.0000,  1.0000,  0.0000, 0.0000)
            ( 0.8450, -0.0000,  0.5347, 0.0000)
            (30.7569,  1.5000,  3.8767, 1.0000)>
MESH
Willow_Autumn_5_Cube.084
<Matrix 4x4 ( 0.7560, -0.0000, -0.6546, 0.0000)
            ( 0.0000,  1.0000,  0.0000, 0.0000)
            ( 0.6546, -0.0000,  0.7560, 0.0000)
            (27.2230,  1.5000,  7.0250, 1.0000)>
MESH
WoodLog_Cylinder
<Matrix 4x4 ( 1.0000,  0.0000, 0.0000, 0.0000)
            ( 0.0000,  1.0000, 0.0000, 0.0000)
            ( 0.0000, -0.0000, 1.0000, 0.0000)
            (27.3358,  1.4597, 0.0000, 1.0000)>
MESH
Farm_Dirt_Level3_Cube.053
<Matrix 4x4 (1.5000,  0.0000, 0.0000, 0.0000)
            (0.0000,  1.5000, 0.0000, 0.0000)
            (0.0000, -0.0000, 1.5000, 0.0000)
            (1.9192,  1.4815, 6.7538, 1.0000)>
MESH
Farm_Dirt_Level3_Cube.001
<Matrix 4x4 ( 1.5000,  0.0000, 0.0000, 0.0000)
            ( 0.0000,  1.5000, 0.0000, 0.0000)
            ( 0.0000, -0.0000, 1.5000, 0.0000)
            (-0.4260,  1.4815, 6.7538, 1.0000)>
MESH
Houses_SecondAge_3_Level3_Cube.000
<Matrix 4x4 (-0.0000, 0.0000,  1.5000, 0.0000)
            ( 0.0000, 1.5000,  0.0000, 0.0000)
            (-1.5000, 0.0000, -0.0000, 0.0000)
            ( 5.7637, 1.5000,  6.8238, 1.0000)>
MESH
Archery_SecondAge_Level3_Cube.288
<Matrix 4x4 (-0.0000, 0.0000, -1.5000, 0.0000)
            (-0.0000, 1.5000,  0.0000, 0.0000)
            ( 1.5000, 0.0000, -0.0000, 0.0000)
            ( 8.0541, 1.5000,  3.3303, 1.0000)>
MESH
Barracks_SecondAge_Level3_Cube.003
<Matrix 4x4 (-0.0000, -0.0000, -1.5000, 0.0000)
            (-0.0000,  1.5000, -0.0000, 0.0000)
            ( 1.5000,  0.0000, -0.0000, 0.0000)
            ( 8.7721,  1.5000, -0.5077, 1.0000)>
MESH
Barrel_Cube.199
<Matrix 4x4 ( 1.5000,  0.0000,  0.0000, 0.0000)
            ( 0.0000,  1.5000,  0.0000, 0.0000)
            ( 0.0000, -0.0000,  1.5000, 0.0000)
            (-4.7898,  1.5000, -0.0348, 1.0000)>
MESH
Crate_Cube.200
<Matrix 4x4 ( 1.5000,  0.0000, 0.0000, 0.0000)
            ( 0.0000,  1.5000, 0.0000, 0.0000)
            ( 0.0000, -0.0000, 1.5000, 0.0000)
            (-4.2132,  1.5000, 1.2677, 1.0000)>
MESH
Crate_Big_Stack2_Cube.198
<Matrix 4x4 ( 1.5000,  0.0000, 0.0000, 0.0000)
            ( 0.0000,  1.5000, 0.0000, 0.0000)
            ( 0.0000, -0.0000, 1.5000, 0.0000)
            (-4.2132,  1.5000, 0.4162, 1.0000)>
MESH
Crate_Stack1_Cube.201
<Matrix 4x4 ( 1.5000,  0.0000, 0.0000, 0.0000)
            ( 0.0000,  1.5000, 0.0000, 0.0000)
            ( 0.0000, -0.0000, 1.5000, 0.0000)
            (-3.8626,  1.5000, 1.3253, 1.0000)>
MESH
Crate_Stack2_Cube.202
<Matrix 4x4 ( 1.5000,  0.0000, 0.0000, 0.0000)
            ( 0.0000,  1.5000, 0.0000, 0.0000)
            ( 0.0000, -0.0000, 1.5000, 0.0000)
            (-4.6835,  1.5000, 1.0931, 1.0000)>
MESH
Logs_Cylinder.001
<Matrix 4x4 ( 1.5000,  0.0000,  0.0000, 0.0000)
            ( 0.0000,  1.5000,  0.0000, 0.0000)
            ( 0.0000, -0.0000,  1.5000, 0.0000)
            (-6.8506,  1.6205, -2.1010, 1.0000)>
MESH
Market_SecondAge_Level3_Cube.015
<Matrix 4x4 ( 1.5000,  0.0000, 0.0000, 0.0000)
            ( 0.0000,  1.5000, 0.0000, 0.0000)
            ( 0.0000, -0.0000, 1.5000, 0.0000)
            (-6.2925,  1.5000, 0.1263, 1.0000)>
MESH
Mine_Cube.081
<Matrix 4x4 ( 1.5000,  0.0000,  0.0000, 0.0000)
            ( 0.0000,  1.5000,  0.0000, 0.0000)
            ( 0.0000, -0.0000,  1.5000, 0.0000)
            (-6.3782,  1.5000, 37.2007, 1.0000)>
MESH
Mountain_Group_1_Cube.039
<Matrix 4x4 (2.0000,  0.0000,  0.0000, 0.0000)
            (0.0000,  2.0000,  0.0000, 0.0000)
            (0.0000, -0.0000,  2.0000, 0.0000)
            (1.3910,  1.5000, 36.9139, 1.0000)>
MESH
Mountain_Group_2_Cube.044
<Matrix 4x4 ( 2.0000,  0.0000,  0.0000, 0.0000)
            ( 0.0000,  2.0000,  0.0000, 0.0000)
            ( 0.0000, -0.0000,  2.0000, 0.0000)
            (-6.0960,  1.5000, 38.5733, 1.0000)>
MESH
Storage_SecondAge_Level3_Cube.186
<Matrix 4x4 (-0.0000, 0.0000,  1.5000, 0.0000)
            ( 0.0000, 1.5000,  0.0000, 0.0000)
            (-1.5000, 0.0000, -0.0000, 0.0000)
            (-6.6638, 1.5000,  3.3221, 1.0000)>
MESH
Temple_SecondAge_Level3_Cube.223
<Matrix 4x4 (-1.5000, -0.0000,  0.0000, 0.0000)
            (-0.0000,  1.5000, -0.0000, 0.0000)
            (-0.0000, -0.0000, -1.5000, 0.0000)
            ( 2.0269,  1.5000,  1.9171, 1.0000)>
MESH
TownCenter_SecondAge_Level3_Cube.219
<Matrix 4x4 (-1.5000, -0.0000,  0.0000, 0.0000)
            (-0.0000,  1.5000, -0.0000, 0.0000)
            (-0.0000, -0.0000, -1.5000, 0.0000)
            (-2.2307,  1.5000, -2.7737, 1.0000)>
MESH
WatchTower_SecondAge_Level3_Cube.032
<Matrix 4x4 (1.5000,  0.0000, 0.0000, 0.0000)
            (0.0000,  1.5000, 0.0000, 0.0000)
            (0.0000, -0.0000, 1.5000, 0.0000)
            (8.6109,  1.5000, 6.7822, 1.0000)>
MESH
Windmill_SecondAge_Cylinder
<Matrix 4x4 ( 1.5000,  0.0000, 0.0000, 0.0000)
            ( 0.0000,  1.5000, 0.0000, 0.0000)
            ( 0.0000, -0.0000, 1.5000, 0.0000)
            (-3.7716,  1.5000, 6.9071, 1.0000)>
MESH
Wonder_SecondAge_Level3_Cube.009
<Matrix 4x4 (-1.5000,  0.0000, -0.0000, 0.0000)
            ( 0.0000,  1.5000, -0.0000, 0.0000)
            ( 0.0000, -0.0000, -1.5000, 0.0000)
            ( 3.0050,  1.5000, -2.8548, 1.0000)>
MESH
WatchTower_SecondAge_Level3_Cube.001
<Matrix 4x4 ( 1.5000, 0.0000,  0.0000, 0.0000)
            ( 0.0000, 1.5000, -0.0000, 0.0000)
            ( 0.0000, 0.0000,  1.5000, 0.0000)
            (-6.7443, 1.5000,  6.7822, 1.0000)>
MESH
WatchTower_SecondAge_Level3_Cube.002
<Matrix 4x4 (-1.5000,  0.0000,  0.0000, 0.0000)
            (-0.0000,  1.5000, -0.0000, 0.0000)
            (-0.0000, -0.0000, -1.5000, 0.0000)
            (-6.7443,  1.5000, -3.7478, 1.0000)>
MESH
WatchTower_SecondAge_Level3_Cube.003
<Matrix 4x4 (-1.5000,  0.0000,  0.0000, 0.0000)
            (-0.0000,  1.5000, -0.0000, 0.0000)
            (-0.0000, -0.0000, -1.5000, 0.0000)
            ( 8.5994,  1.5000, -3.4173, 1.0000)>
MESH
PineTree_Autumn_5_Cylinder.001
<Matrix 4x4 (  0.9157,  0.0000,  0.4019, 0.0000)
            ( -0.0000,  1.0000,  0.0000, 0.0000)
            ( -0.4019, -0.0000,  0.9157, 0.0000)
            (-29.2536,  1.5000, -8.9556, 1.0000)>
MESH
PineTree_Autumn_4_Cylinder.001
<Matrix 4x4 (  0.9863,  0.0000,  0.1650, 0.0000)
            ( -0.0000,  1.0000,  0.0000, 0.0000)
            ( -0.1650, -0.0000,  0.9863, 0.0000)
            (-22.3448,  1.5000, -8.6335, 1.0000)>
MESH
PineTree_Autumn_3_Cylinder.001
<Matrix 4x4 (  0.6325,  0.0000, -0.7746, 0.0000)
            (  0.0000,  1.0000,  0.0000, 0.0000)
            (  0.7746, -0.0000,  0.6325, 0.0000)
            (-22.1352,  1.5000, -2.9874, 1.0000)>
MESH
PineTree_Autumn_2_Cylinder.001
<Matrix 4x4 ( -0.1736,  0.0000, -0.9848, 0.0000)
            (  0.0000,  1.0000, -0.0000, 0.0000)
            (  0.9848, -0.0000, -0.1736, 0.0000)
            (-26.0879,  1.5000, -7.6702, 1.0000)>
MESH
PineTree_Autumn_1_Cylinder.001
<Matrix 4x4 (  0.7823,  0.0000,  0.6229, 0.0000)
            ( -0.0000,  1.0000,  0.0000, 0.0000)
            ( -0.6229, -0.0000,  0.7823, 0.0000)
            (-30.6444,  1.5000, -3.8372, 1.0000)>
MESH
PineTree_Autumn_5_Cylinder.002
<Matrix 4x4 ( -0.2243,  0.0000,   0.9745, 0.0000)
            ( -0.0000,  1.0000,  -0.0000, 0.0000)
            ( -0.9745, -0.0000,  -0.2243, 0.0000)
            (-29.6901,  1.5000, -22.5090, 1.0000)>
MESH
PineTree_Autumn_5_Cylinder.003
<Matrix 4x4 ( -0.2243,  0.0000,   0.9745, 0.0000)
            ( -0.0000,  1.0000,  -0.0000, 0.0000)
            ( -0.9745, -0.0000,  -0.2243, 0.0000)
            (-22.9403,  1.5000, -19.4580, 1.0000)>
MESH
PineTree_Autumn_4_Cylinder.002
<Matrix 4x4 (  0.0216,  0.0000,   0.9998, 0.0000)
            ( -0.0000,  1.0000,   0.0000, 0.0000)
            ( -0.9998, -0.0000,   0.0216, 0.0000)
            (-28.7194,  1.5000, -15.6611, 1.0000)>
MESH
PineTree_Autumn_4_Cylinder.003
<Matrix 4x4 (  0.0216,  0.0000,   0.9998, 0.0000)
            ( -0.0000,  1.0000,   0.0000, 0.0000)
            ( -0.9998, -0.0000,   0.0216, 0.0000)
            (-21.9696,  1.5000, -12.6101, 1.0000)>
MESH
PineTree_Autumn_3_Cylinder.002
<Matrix 4x4 (  0.8788,  0.0000,   0.4771, 0.0000)
            ( -0.0000,  1.0000,   0.0000, 0.0000)
            ( -0.4771, -0.0000,   0.8788, 0.0000)
            (-34.2276,  1.5000, -14.4033, 1.0000)>
MESH
PineTree_Autumn_3_Cylinder.003
<Matrix 4x4 (  0.8788,  0.0000,   0.4771, 0.0000)
            ( -0.0000,  1.0000,   0.0000, 0.0000)
            ( -0.4771, -0.0000,   0.8788, 0.0000)
            (-27.4777,  1.5000, -11.3522, 1.0000)>
MESH
PineTree_Autumn_2_Cylinder.002
<Matrix 4x4 (  0.9352,  0.0000,  -0.3540, 0.0000)
            (  0.0000,  1.0000,   0.0000, 0.0000)
            (  0.3540, -0.0000,   0.9352, 0.0000)
            (-30.3632,  1.5000, -19.1593, 1.0000)>
MESH
PineTree_Autumn_2_Cylinder.003
<Matrix 4x4 (  0.9352,  0.0000,  -0.3540, 0.0000)
            (  0.0000,  1.0000,   0.0000, 0.0000)
            (  0.3540, -0.0000,   0.9352, 0.0000)
            (-23.6134,  1.5000, -16.1082, 1.0000)>
MESH
PineTree_Autumn_1_Cylinder.002
<Matrix 4x4 ( -0.4662,  0.0000,   0.8847, 0.0000)
            ( -0.0000,  1.0000,  -0.0000, 0.0000)
            ( -0.8847, -0.0000,  -0.4662, 0.0000)
            (-34.9780,  1.5000, -22.9218, 1.0000)>
MESH
PineTree_Autumn_1_Cylinder.003
<Matrix 4x4 ( -0.4662,  0.0000,   0.8847, 0.0000)
            ( -0.0000,  1.0000,  -0.0000, 0.0000)
            ( -0.8847, -0.0000,  -0.4662, 0.0000)
            (-28.2282,  1.5000, -19.8707, 1.0000)>
MESH
PineTree_Autumn_5_Cylinder.004
<Matrix 4x4 ( -0.9163,  0.0000, -0.4005, 0.0000)
            (  0.0000,  1.0000, -0.0000, 0.0000)
            (  0.4005, -0.0000, -0.9163, 0.0000)
            (-24.6532,  1.5000, 16.2578, 1.0000)>
MESH
PineTree_Autumn_5_Cylinder.005
<Matrix 4x4 ( -0.9163,  0.0000, -0.4005, 0.0000)
            (  0.0000,  1.0000, -0.0000, 0.0000)
            (  0.4005, -0.0000, -0.9163, 0.0000)
            (-22.9335,  1.5000, 10.1881, 1.0000)>
MESH
PineTree_Autumn_4_Cylinder.004
<Matrix 4x4 ( -0.9865,  0.0000, -0.1635, 0.0000)
            (  0.0000,  1.0000, -0.0000, 0.0000)
            (  0.1635, -0.0000, -0.9865, 0.0000)
            (-33.5206,  1.5000, 15.9462, 1.0000)>
MESH
PineTree_Autumn_4_Cylinder.005
<Matrix 4x4 ( -0.9865,  0.0000, -0.1635, 0.0000)
            (  0.0000,  1.0000, -0.0000, 0.0000)
            (  0.1635, -0.0000, -0.9865, 0.0000)
            (-31.3004,  1.5000,  9.8765, 1.0000)>
MESH
PineTree_Autumn_3_Cylinder.004
<Matrix 4x4 ( -0.6313,  0.0000,  0.7755, 0.0000)
            ( -0.0000,  1.0000, -0.0000, 0.0000)
            ( -0.7755, -0.0000, -0.6313, 0.0000)
            (-34.3069,  1.5000, 10.3005, 1.0000)>
MESH
PineTree_Autumn_3_Cylinder.005
<Matrix 4x4 ( -0.6313,  0.0000,  0.7755, 0.0000)
            ( -0.0000,  1.0000, -0.0000, 0.0000)
            ( -0.7755, -0.0000, -0.6313, 0.0000)
            (-30.0610,  1.5000,  4.2308, 1.0000)>
MESH
PineTree_Autumn_2_Cylinder.004
<Matrix 4x4 (  0.1751,  0.0000,  0.9846, 0.0000)
            ( -0.0000,  1.0000,  0.0000, 0.0000)
            ( -0.9846, -0.0000,  0.1751, 0.0000)
            (-28.8322,  1.5000, 14.9772, 1.0000)>
MESH
PineTree_Autumn_2_Cylinder.005
<Matrix 4x4 (  0.1751,  0.0000, 0.9846, 0.0000)
            ( -0.0000,  1.0000, 0.0000, 0.0000)
            ( -0.9846, -0.0000, 0.1751, 0.0000)
            (-26.1011,  1.5000, 8.9076, 1.0000)>
MESH
PineTree_Autumn_1_Cylinder.004
<Matrix 4x4 ( -0.7833,  0.0000, -0.6217, 0.0000)
            (  0.0000,  1.0000, -0.0000, 0.0000)
            (  0.6217, -0.0000, -0.7833, 0.0000)
            (-20.8041,  1.5000, 14.6643, 1.0000)>
MESH
PineTree_Autumn_1_Cylinder.005
<Matrix 4x4 ( -0.7833,  0.0000, -0.6217, 0.0000)
            (  0.0000,  1.0000, -0.0000, 0.0000)
            (  0.6217, -0.0000, -0.7833, 0.0000)
            (-21.5506,  1.5000,  5.0676, 1.0000)>
MESH
BirchTree_Autumn_5_Cube.001
<Matrix 4x4 (  0.3971,  0.0000,  0.9178, 0.0000)
            ( -0.0000,  1.0000,  0.0000, 0.0000)
            ( -0.9178, -0.0000,  0.3971, 0.0000)
            (-16.0198,  1.5000, 24.6673, 1.0000)>
MESH
BirchTree_Autumn_4_Cube.001
<Matrix 4x4 (-0.4468,  0.0000,  0.8946, 0.0000)
            (-0.0000,  1.0000, -0.0000, 0.0000)
            (-0.8946, -0.0000, -0.4468, 0.0000)
            (-6.9052,  1.5000, 22.8878, 1.0000)>
MESH
BirchTree_Autumn_3_Cube.001
<Matrix 4x4 (  0.9676,  0.0000,  0.2526, 0.0000)
            ( -0.0000,  1.0000,  0.0000, 0.0000)
            ( -0.2526, -0.0000,  0.9676, 0.0000)
            (-11.5962,  1.5000, 27.4674, 1.0000)>
MESH
BirchTree_Autumn_2_Cube.001
<Matrix 4x4 ( 1.0000,  0.0000,  0.0000, 0.0000)
            ( 0.0000,  1.0000,  0.0000, 0.0000)
            ( 0.0000, -0.0000,  1.0000, 0.0000)
            (-6.0553,  1.5000, 29.1804, 1.0000)>
MESH
BirchTree_Autumn_1_Cube.001
<Matrix 4x4 (  0.7841,  0.0000, -0.6206, 0.0000)
            (  0.0000,  1.0000,  0.0000, 0.0000)
            (  0.6206, -0.0000,  0.7841, 0.0000)
            (-11.5962,  1.5000, 32.1111, 1.0000)>
MESH
BirchTree_Autumn_5_Cube.002
<Matrix 4x4 (-0.2968,  0.0000, -0.9549, 0.0000)
            ( 0.0000,  1.0000, -0.0000, 0.0000)
            ( 0.9549, -0.0000, -0.2968, 0.0000)
            (18.5243,  1.5000, 29.8207, 1.0000)>
MESH
BirchTree_Autumn_5_Cube.003
<Matrix 4x4 (-0.2968,  0.0000, -0.9549, 0.0000)
            ( 0.0000,  1.0000, -0.0000, 0.0000)
            ( 0.9549, -0.0000, -0.2968, 0.0000)
            (30.0541,  1.5000, 31.0591, 1.0000)>
MESH
BirchTree_Autumn_4_Cube.002
<Matrix 4x4 (0.5398,  0.0000, -0.8418, 0.0000)
            (0.0000,  1.0000,  0.0000, 0.0000)
            (0.8418, -0.0000,  0.5398, 0.0000)
            (9.2717,  1.5000, 30.6167, 1.0000)>
MESH
BirchTree_Autumn_4_Cube.003
<Matrix 4x4 ( 0.5398,  0.0000, -0.8418, 0.0000)
            ( 0.0000,  1.0000,  0.0000, 0.0000)
            ( 0.8418, -0.0000,  0.5398, 0.0000)
            (20.8015,  1.5000, 31.8551, 1.0000)>
MESH
BirchTree_Autumn_3_Cube.002
<Matrix 4x4 (-0.9350,  0.0000, -0.3545, 0.0000)
            ( 0.0000,  1.0000, -0.0000, 0.0000)
            ( 0.3545, -0.0000, -0.9350, 0.0000)
            (14.4249,  1.5000, 26.5642, 1.0000)>
MESH
BirchTree_Autumn_3_Cube.003
<Matrix 4x4 (-0.9350,  0.0000, -0.3545, 0.0000)
            ( 0.0000,  1.0000, -0.0000, 0.0000)
            ( 0.3545, -0.0000, -0.9350, 0.0000)
            (25.9548,  1.5000, 27.8027, 1.0000)>
MESH
BirchTree_Autumn_2_Cube.002
<Matrix 4x4 (-0.9943,  0.0000, -0.1068, 0.0000)
            ( 0.0000,  1.0000, -0.0000, 0.0000)
            ( 0.1068, -0.0000, -0.9943, 0.0000)
            ( 9.0987,  1.5000, 24.2693, 1.0000)>
MESH
BirchTree_Autumn_2_Cube.003
<Matrix 4x4 (-0.9943,  0.0000, -0.1068, 0.0000)
            ( 0.0000,  1.0000, -0.0000, 0.0000)
            ( 0.1068, -0.0000, -0.9943, 0.0000)
            (20.6286,  1.5000, 25.5077, 1.0000)>
MESH
BirchTree_Autumn_1_Cube.002
<Matrix 4x4 (-0.8459,  0.0000,  0.5333, 0.0000)
            (-0.0000,  1.0000, -0.0000, 0.0000)
            (-0.5333, -0.0000, -0.8459, 0.0000)
            (14.9209,  1.5000, 21.9470, 1.0000)>
MESH
BirchTree_Autumn_1_Cube.003
<Matrix 4x4 (-0.8459,  0.0000,  0.5333, 0.0000)
            (-0.0000,  1.0000, -0.0000, 0.0000)
            (-0.5333, -0.0000, -0.8459, 0.0000)
            (26.4507,  1.5000, 23.1855, 1.0000)>
MESH
Mountain_Group_2_Cube.001
<Matrix 4x4 (-1.9978,  0.0000, -0.0934, 0.0000)
            ( 0.0000,  2.0000, -0.0000, 0.0000)
            ( 0.0934, -0.0000, -1.9978, 0.0000)
            (15.9546,  1.5000, 37.0895, 1.0000)>
MESH
Mountain_Group_1_Cube.001
<Matrix 4x4 (-1.9978,  0.0000, -0.0934, 0.0000)
            ( 0.0000,  2.0000, -0.0000, 0.0000)
            ( 0.0934, -0.0000, -1.9978, 0.0000)
            ( 8.3982,  1.5000, 38.3977, 1.0000)>
MESH
Mountain_Group_2_Cube.002
<Matrix 4x4 ( 2.0000,  0.0000,  0.0000, 0.0000)
            ( 0.0000,  2.0000,  0.0000, 0.0000)
            ( 0.0000, -0.0000,  2.0000, 0.0000)
            (21.1648,  1.5000, 38.5733, 1.0000)>
MESH
Mountain_Group_2_Cube.003
<Matrix 4x4 ( 0.0000,  0.0000, -2.0000, 0.0000)
            ( 0.0000,  2.0000,  0.0000, 0.0000)
            ( 2.0000, -0.0000,  0.0000, 0.0000)
            (38.5048,  1.5000, 32.7360, 1.0000)>
MESH
Mountain_Group_1_Cube.002
<Matrix 4x4 ( 2.0000,  0.0000,  0.0000, 0.0000)
            ( 0.0000,  2.0000,  0.0000, 0.0000)
            ( 0.0000, -0.0000,  2.0000, 0.0000)
            (28.6518,  1.5000, 36.9139, 1.0000)>
MESH
Mountain_Group_1_Cube.003
<Matrix 4x4 (-1.9978,  0.0000, -0.0934, 0.0000)
            ( 0.0000,  2.0000, -0.0000, 0.0000)
            ( 0.0934, -0.0000, -1.9978, 0.0000)
            (35.6591,  1.5000, 38.3977, 1.0000)>
MESH
BirchTree_Autumn_5_Cube.004
<Matrix 4x4 ( -0.9994,  0.0000,  0.0348, 0.0000)
            ( -0.0000,  1.0000, -0.0000, 0.0000)
            ( -0.0348, -0.0000, -0.9994, 0.0000)
            (-22.2303,  1.5000, 31.0973, 1.0000)>
MESH
BirchTree_Autumn_5_Cube.005
<Matrix 4x4 ( -0.9994,  0.0000,  0.0348, 0.0000)
            ( -0.0000,  1.0000, -0.0000, 0.0000)
            ( -0.0348, -0.0000, -0.9994, 0.0000)
            (-17.9986,  1.5000, 20.3008, 1.0000)>
MESH
BirchTree_Autumn_4_Cube.004
<Matrix 4x4 ( -0.6699,  0.0000, -0.7425, 0.0000)
            (  0.0000,  1.0000, -0.0000, 0.0000)
            (  0.7425, -0.0000, -0.6699, 0.0000)
            (-18.2131,  1.5000, 31.2500, 1.0000)>
MESH
BirchTree_Autumn_3_Cube.004
<Matrix 4x4 ( -0.5883,  0.0000,  0.8086, 0.0000)
            ( -0.0000,  1.0000, -0.0000, 0.0000)
            ( -0.8086, -0.0000, -0.5883, 0.0000)
            (-26.4516,  1.5000, 34.1941, 1.0000)>
MESH
BirchTree_Autumn_3_Cube.005
<Matrix 4x4 ( -0.5883,  0.0000,  0.8086, 0.0000)
            ( -0.0000,  1.0000, -0.0000, 0.0000)
            ( -0.8086, -0.0000, -0.5883, 0.0000)
            (-22.2198,  1.5000, 23.3976, 1.0000)>
MESH
BirchTree_Autumn_2_Cube.004
<Matrix 4x4 ( -0.3649,  0.0000,  0.9310, 0.0000)
            ( -0.0000,  1.0000, -0.0000, 0.0000)
            ( -0.9310, -0.0000, -0.3649, 0.0000)
            (-25.8367,  1.5000, 27.9312, 1.0000)>
MESH
BirchTree_Autumn_1_Cube.004
<Matrix 4x4 (  0.2916,  0.0000,  0.9565, 0.0000)
            ( -0.0000,  1.0000,  0.0000, 0.0000)
            ( -0.9565, -0.0000,  0.2916, 0.0000)
            (-30.7751,  1.5000, 32.4995, 1.0000)>
MESH
BirchTree_Autumn_1_Cube.005
<Matrix 4x4 (  0.2916,  0.0000,  0.9565, 0.0000)
            ( -0.0000,  1.0000,  0.0000, 0.0000)
            ( -0.9565, -0.0000,  0.2916, 0.0000)
            (-26.5434,  1.5000, 21.7030, 1.0000)>
MESH
PineTree_Autumn_4_Cylinder.006
<Matrix 4x4 ( -0.9032,  0.0000, -0.4292, 0.0000)
            (  0.0000,  1.0000, -0.0000, 0.0000)
            (  0.4292, -0.0000, -0.9032, 0.0000)
            (-31.4694,  1.5000, 27.5412, 1.0000)>
MESH
PineTree_Autumn_3_Cylinder.006
<Matrix 4x4 ( -0.8207,  0.0000,  0.5714, 0.0000)
            ( -0.0000,  1.0000, -0.0000, 0.0000)
            ( -0.5714, -0.0000, -0.8207, 0.0000)
            (-29.2892,  1.5000, 25.2671, 1.0000)>
MESH
PineTree_Autumn_1_Cylinder.006
<Matrix 4x4 (  0.5803,  0.0000,  0.8144, 0.0000)
            ( -0.0000,  1.0000,  0.0000, 0.0000)
            ( -0.8144, -0.0000,  0.5803, 0.0000)
            (-34.3431,  1.5000, 22.4875, 1.0000)>
MESH
TreeStump_Cylinder.001
<Matrix 4x4 ( 0.6479,  0.0000, -0.7617, 0.0000)
            ( 0.0000,  1.0000,  0.0000, 0.0000)
            ( 0.7617, -0.0000,  0.6479, 0.0000)
            (17.2592,  1.5000, 22.3867, 1.0000)>
MESH
Plant_5_Plane.002
<Matrix 4x4 ( 0.6479,  0.0000, -0.7617, 0.0000)
            ( 0.0000,  1.0000,  0.0000, 0.0000)
            ( 0.7617, -0.0000,  0.6479, 0.0000)
            (19.7070,  1.4835,  6.4265, 1.0000)>
MESH
Plant_4_Plane.001
<Matrix 4x4 (0.6479,  0.0000, -0.7617, 0.0000)
            (0.0000,  1.0000,  0.0000, 0.0000)
            (0.7617, -0.0000,  0.6479, 0.0000)
            (6.8658,  1.4678, 15.1335, 1.0000)>
MESH
Plant_3_Plane.001
<Matrix 4x4 (0.6479,  0.0000, -0.7617, 0.0000)
            (0.0000,  1.0000,  0.0000, 0.0000)
            (0.7617, -0.0000,  0.6479, 0.0000)
            (0.6355,  1.4822, 18.2963, 1.0000)>
MESH
Plant_2_Cylinder.001
<Matrix 4x4 ( 0.6479,  0.0000, -0.7617, 0.0000)
            ( 0.0000,  1.0000,  0.0000, 0.0000)
            ( 0.7617, -0.0000,  0.6479, 0.0000)
            (23.0242,  1.4653, 11.6396, 1.0000)>
MESH
Plant_1_Plane.001
<Matrix 4x4 ( 0.6479,  0.0000, -0.7617, 0.0000)
            ( 0.0000,  1.0000,  0.0000, 0.0000)
            ( 0.7617, -0.0000,  0.6479, 0.0000)
            (20.1644,  1.4785, 17.2926, 1.0000)>
MESH
TreeStump_Cylinder.002
<Matrix 4x4 (  0.0038,  0.0000, -1.0000, 0.0000)
            (  0.0000,  1.0000,  0.0000, 0.0000)
            (  1.0000, -0.0000,  0.0038, 0.0000)
            (-19.6096,  1.5000, 16.8331, 1.0000)>
MESH
Plant_5_Plane.003
<Matrix 4x4 (  0.0038,  0.0000, -1.0000, 0.0000)
            (  0.0000,  1.0000,  0.0000, 0.0000)
            (  1.0000, -0.0000,  0.0038, 0.0000)
            (-16.6599,  1.4835, 12.2462, 1.0000)>
MESH
Plant_4_Plane.002
<Matrix 4x4 (  0.7641,  0.0000, -0.6450, 0.0000)
            (  0.0000,  1.0000,  0.0000, 0.0000)
            (  0.6450, -0.0000,  0.7641, 0.0000)
            (-11.2444,  1.4678, 16.7793, 1.0000)>
MESH
Plant_4_Plane.003
<Matrix 4x4 (  0.0038,  0.0000, -1.0000, 0.0000)
            (  0.0000,  1.0000,  0.0000, 0.0000)
            (  1.0000, -0.0000,  0.0038, 0.0000)
            (-13.0594,  1.4678,  5.5201, 1.0000)>
MESH
Plant_3_Plane.002
<Matrix 4x4 (  0.0038,  0.0000, -1.0000, 0.0000)
            (  0.0000,  1.0000,  0.0000, 0.0000)
            (  1.0000, -0.0000,  0.0038, 0.0000)
            (-18.8659,  1.4822, -1.1598, 1.0000)>
MESH
Plant_3_Plane.003
<Matrix 4x4 (  0.7641,  0.0000, -0.6450, 0.0000)
            (  0.0000,  1.0000,  0.0000, 0.0000)
            (  0.6450, -0.0000,  0.7641, 0.0000)
            (-13.5849,  1.4822,  1.9999, 1.0000)>
MESH
Plant_2_Cylinder.002
<Matrix 4x4 (  0.7641,  0.0000, -0.6450, 0.0000)
            (  0.0000,  1.0000,  0.0000, 0.0000)
            (  0.6450, -0.0000,  0.7641, 0.0000)
            (-11.1540,  1.4653, 11.7863, 1.0000)>
MESH
Plant_2_Cylinder.003
<Matrix 4x4 ( 0.0038,  0.0000, -1.0000, 0.0000)
            ( 0.0000,  1.0000,  0.0000, 0.0000)
            ( 1.0000, -0.0000,  0.0038, 0.0000)
            (-0.6414,  1.4653, 13.3361, 1.0000)>
MESH
Plant_1_Plane.002
<Matrix 4x4 (  0.7641,  0.0000, -0.6450, 0.0000)
            (  0.0000,  1.0000,  0.0000, 0.0000)
            (  0.6450, -0.0000,  0.7641, 0.0000)
            (-18.9708,  1.4785,  7.0199, 1.0000)>
MESH
Plant_1_Plane.003
<Matrix 4x4 ( 0.0038,  0.0000, -1.0000, 0.0000)
            ( 0.0000,  1.0000,  0.0000, 0.0000)
            ( 1.0000, -0.0000,  0.0038, 0.0000)
            (-6.9842,  1.4785, 18.0519, 1.0000)>
MESH
TreeStump_Cylinder.003
<Matrix 4x4 ( -0.8992,  0.0000,  -0.4375, 0.0000)
            (  0.0000,  1.0000,  -0.0000, 0.0000)
            (  0.4375, -0.0000,  -0.8992, 0.0000)
            (-25.7838,  1.5000, -17.8829, 1.0000)>
MESH
Plant_5_Plane.004
<Matrix 4x4 (-0.8992,  0.0000,  -0.4375, 0.0000)
            ( 0.0000,  1.0000,  -0.0000, 0.0000)
            ( 0.4375, -0.0000,  -0.8992, 0.0000)
            (-8.2966,  1.4835, -12.0357, 1.0000)>
MESH
Plant_4_Plane.004
<Matrix 4x4 (-0.8992,  0.0000,  -0.4375, 0.0000)
            ( 0.0000,  1.0000,  -0.0000, 0.0000)
            ( 0.4375, -0.0000,  -0.8992, 0.0000)
            (-7.9316,  1.4678, -23.9178, 1.0000)>
MESH
Plant_4_Plane.005
<Matrix 4x4 ( -0.2494,  0.0000,  -0.9684, 0.0000)
            (  0.0000,  1.0000,  -0.0000, 0.0000)
            (  0.9684, -0.0000,  -0.2494, 0.0000)
            (-10.3864,  1.4678, -15.0490, 1.0000)>
MESH
Plant_3_Plane.004
<Matrix 4x4 ( -0.2494,  0.0000, -0.9684, 0.0000)
            (  0.0000,  1.0000, -0.0000, 0.0000)
            (  0.9684, -0.0000, -0.2494, 0.0000)
            (-13.8098,  1.4822, -8.1928, 1.0000)>
MESH
Plant_3_Plane.005
<Matrix 4x4 (-0.8992,  0.0000,  -0.4375, 0.0000)
            ( 0.0000,  1.0000,  -0.0000, 0.0000)
            ( 0.4375, -0.0000,  -0.8992, 0.0000)
            ( 4.4098,  1.4822, -20.2141, 1.0000)>
MESH
Plant_2_Cylinder.004
<Matrix 4x4 (-0.8992,  0.0000,  -0.4375, 0.0000)
            ( 0.0000,  1.0000,  -0.0000, 0.0000)
            ( 0.4375, -0.0000,  -0.8992, 0.0000)
            (-2.6342,  1.4653, -10.9980, 1.0000)>
MESH
Plant_2_Cylinder.005
<Matrix 4x4 ( -0.2494,  0.0000,  -0.9684, 0.0000)
            (  0.0000,  1.0000,  -0.0000, 0.0000)
            (  0.9684, -0.0000,  -0.2494, 0.0000)
            (-20.0012,  1.4653, -20.4466, 1.0000)>
MESH
Plant_1_Plane.005
<Matrix 4x4 (-0.8992,  0.0000,  -0.4375, 0.0000)
            ( 0.0000,  1.0000,  -0.0000, 0.0000)
            ( 0.4375, -0.0000,  -0.8992, 0.0000)
            ( 3.0050,  1.4785, -14.2301, 1.0000)>
MESH
Plant_1_Plane.006
<Matrix 4x4 ( -0.2494,  0.0000,  -0.9684, 0.0000)
            (  0.0000,  1.0000,  -0.0000, 0.0000)
            (  0.9684, -0.0000,  -0.2494, 0.0000)
            (-19.9159,  1.4785, -17.0021, 1.0000)>
MESH
Mountain_Group_1_Cube.004
<Matrix 4x4 ( 0.0000,  0.0000, -2.0000, 0.0000)
            ( 0.0000,  2.0000,  0.0000, 0.0000)
            ( 2.0000, -0.0000,  0.0000, 0.0000)
            (37.2028,  1.5000, 25.2433, 1.0000)>
MESH
Mountain_Group_2_Cube.004
<Matrix 4x4 (-0.1438,  0.0000,  1.9948, 0.0000)
            (-0.0000,  2.0000, -0.0000, 0.0000)
            (-1.9948, -0.0000, -0.1438, 0.0000)
            (37.4737,  1.5000, 10.9282, 1.0000)>
MESH
Mountain_Group_1_Cube.005
<Matrix 4x4 (-0.1438,  0.0000,  1.9948, 0.0000)
            (-0.0000,  2.0000, -0.0000, 0.0000)
            (-1.9948, -0.0000, -0.1438, 0.0000)
            (38.2338,  1.5000, 18.4950, 1.0000)>
MESH
Mountain_Group_2_Cube.005
<Matrix 4x4 ( 0.1648,  0.0000, -1.9932, 0.0000)
            ( 0.0000,  2.0000,  0.0000, 0.0000)
            ( 1.9932, -0.0000,  0.1648, 0.0000)
            (38.1188,  1.5000,  5.4724, 1.0000)>
MESH
Mountain_Group_2_Cube.006
<Matrix 4x4 (-0.0211,  0.0000,   1.9999, 0.0000)
            (-0.0000,  2.0000,  -0.0000, 0.0000)
            (-1.9999, -0.0000,  -0.0211, 0.0000)
            (37.3174,  1.5000, -16.3451, 1.0000)>
MESH
Mountain_Group_1_Cube.006
<Matrix 4x4 ( 0.1648,  0.0000, -1.9932, 0.0000)
            ( 0.0000,  2.0000,  0.0000, 0.0000)
            ( 1.9932, -0.0000,  0.1648, 0.0000)
            (37.4384,  1.5000, -2.1021, 1.0000)>
MESH
Mountain_Group_1_Cube.007
<Matrix 4x4 (-0.0211,  0.0000,  1.9999, 0.0000)
            (-0.0000,  2.0000, -0.0000, 0.0000)
            (-1.9999, -0.0000, -0.0211, 0.0000)
            (38.5405,  1.5000, -8.8391, 1.0000)>
MESH
Mountain_Group_2_Cube.007
<Matrix 4x4 (-0.0123,  0.0000,  -2.0000, 0.0000)
            ( 0.0000,  2.0000,  -0.0000, 0.0000)
            ( 2.0000, -0.0000,  -0.0123, 0.0000)
            (38.6030,  1.5000, -23.0980, 1.0000)>
MESH
Mountain_Group_1_Cube.008
<Matrix 4x4 (-0.0123,  0.0000,  -2.0000, 0.0000)
            ( 0.0000,  2.0000,  -0.0000, 0.0000)
            ( 2.0000, -0.0000,  -0.0123, 0.0000)
            (37.2549,  1.5000, -30.5825, 1.0000)>
MESH
Mountain_Group_2_Cube.008
<Matrix 4x4 (-2.0000,  0.0000,  -0.0000, 0.0000)
            ( 0.0000,  2.0000,  -0.0000, 0.0000)
            ( 0.0000, -0.0000,  -2.0000, 0.0000)
            (35.0236,  1.5000, -36.9916, 1.0000)>
MESH
Mountain_Group_1_Cube.009
<Matrix 4x4 (-2.0000,  0.0000,  -0.0000, 0.0000)
            ( 0.0000,  2.0000,  -0.0000, 0.0000)
            ( 0.0000, -0.0000,  -2.0000, 0.0000)
            (27.3507,  1.5000, -37.0359, 1.0000)>
MESH
Mountain_Group_2_Cube.009
<Matrix 4x4 (-2.0000,  0.0000,  -0.0000, 0.0000)
            ( 0.0000,  2.0000,  -0.0000, 0.0000)
            ( 0.0000, -0.0000,  -2.0000, 0.0000)
            (21.2317,  1.5000, -38.4443, 1.0000)>
MESH
Mountain_Group_1_Cube.010
<Matrix 4x4 (-2.0000,  0.0000,  -0.0000, 0.0000)
            ( 0.0000,  2.0000,  -0.0000, 0.0000)
            ( 0.0000, -0.0000,  -2.0000, 0.0000)
            (13.5589,  1.5000, -37.0358, 1.0000)>
MESH
Mountain_Group_2_Cube.010
<Matrix 4x4 ( 1.9997,  0.0000,  -0.0347, 0.0000)
            ( 0.0000,  2.0000,   0.0000, 0.0000)
            ( 0.0347, -0.0000,   1.9997, 0.0000)
            (-2.2541,  1.5000, -37.2646, 1.0000)>
MESH
Mountain_Group_1_Cube.011
<Matrix 4x4 (1.9997,  0.0000,  -0.0347, 0.0000)
            (0.0000,  2.0000,   0.0000, 0.0000)
            (0.0347, -0.0000,   1.9997, 0.0000)
            (5.3932,  1.5000, -38.8062, 1.0000)>
MESH
Mountain_Group_1_Cube.012
<Matrix 4x4 ( 1.9997,  0.0000,  -0.0347, 0.0000)
            ( 0.0000,  2.0000,   0.0000, 0.0000)
            ( 0.0347, -0.0000,   1.9997, 0.0000)
            (-8.3966,  1.5000, -38.5665, 1.0000)>
MESH
Mountain_Group_2_Cube.011
<Matrix 4x4 ( -1.9996,  0.0000,   0.0420, 0.0000)
            ( -0.0000,  2.0000,  -0.0000, 0.0000)
            ( -0.0420, -0.0000,  -1.9996, 0.0000)
            (-23.8562,  1.5000, -38.8121, 1.0000)>
MESH
Mountain_Group_2_Cube.012
<Matrix 4x4 ( -0.0000,  0.0000,   2.0000, 0.0000)
            ( -0.0000,  2.0000,  -0.0000, 0.0000)
            ( -2.0000, -0.0000,  -0.0000, 0.0000)
            (-38.6819,  1.5000, -25.0913, 1.0000)>
MESH
Mountain_Group_1_Cube.013
<Matrix 4x4 ( -1.9996,  0.0000,   0.0420, 0.0000)
            ( -0.0000,  2.0000,  -0.0000, 0.0000)
            ( -0.0420, -0.0000,  -1.9996, 0.0000)
            (-17.7090,  1.5000, -37.5326, 1.0000)>
MESH
Mountain_Group_1_Cube.014
<Matrix 4x4 ( -1.9996,  0.0000,   0.0420, 0.0000)
            ( -0.0000,  2.0000,  -0.0000, 0.0000)
            ( -0.0420, -0.0000,  -1.9996, 0.0000)
            (-31.4977,  1.5000, -37.2427, 1.0000)>
MESH
Mountain_Group_1_Cube.015
<Matrix 4x4 ( -0.0000,  0.0000,   2.0000, 0.0000)
            ( -0.0000,  2.0000,  -0.0000, 0.0000)
            ( -2.0000, -0.0000,  -0.0000, 0.0000)
            (-37.0410,  1.5000, -32.4831, 1.0000)>
MESH
Mountain_Group_2_Cube.013
<Matrix 4x4 ( -0.0692,  0.0000,  -1.9988, 0.0000)
            (  0.0000,  2.0000,  -0.0000, 0.0000)
            (  1.9988, -0.0000,  -0.0692, 0.0000)
            (-37.1693,  1.5000, -18.7147, 1.0000)>
MESH
Mountain_Group_1_Cube.016
<Matrix 4x4 ( -0.0692,  0.0000,  -1.9988, 0.0000)
            (  0.0000,  2.0000,  -0.0000, 0.0000)
            (  1.9988, -0.0000,  -0.0692, 0.0000)
            (-38.5536,  1.5000, -11.2706, 1.0000)>
MESH
Mountain_Group_2_Cube.014
<Matrix 4x4 (  0.0349,  0.0000, 1.9997, 0.0000)
            ( -0.0000,  2.0000, 0.0000, 0.0000)
            ( -1.9997, -0.0000, 0.0349, 0.0000)
            (-38.4992,  1.5000, 5.6906, 1.0000)>
MESH
Mountain_Group_2_Cube.015
<Matrix 4x4 (  0.0342,  0.0000, -1.9997, 0.0000)
            (  0.0000,  2.0000,  0.0000, 0.0000)
            (  1.9997, -0.0000,  0.0342, 0.0000)
            (-37.0959,  1.5000, 12.0922, 1.0000)>
MESH
Mountain_Group_1_Cube.017
<Matrix 4x4 (  0.0349,  0.0000,  1.9997, 0.0000)
            ( -0.0000,  2.0000,  0.0000, 0.0000)
            ( -1.9997, -0.0000,  0.0349, 0.0000)
            (-36.9877,  1.5000, -1.7288, 1.0000)>
MESH
Mountain_Group_1_Cube.018
<Matrix 4x4 (  0.0342,  0.0000, -1.9997, 0.0000)
            (  0.0000,  2.0000,  0.0000, 0.0000)
            (  1.9997, -0.0000,  0.0342, 0.0000)
            (-38.8631,  1.5000, 19.4548, 1.0000)>
MESH
Mountain_Group_2_Cube.016
<Matrix 4x4 (  0.2865,  0.0000,  1.9794, 0.0000)
            ( -0.0000,  2.0000,  0.0000, 0.0000)
            ( -1.9794, -0.0000,  0.2865, 0.0000)
            (-37.7264,  1.5000, 36.0546, 1.0000)>
MESH
Mountain_Group_1_Cube.019
<Matrix 4x4 (  0.2865,  0.0000,  1.9794, 0.0000)
            ( -0.0000,  2.0000,  0.0000, 0.0000)
            ( -1.9794, -0.0000,  0.2865, 0.0000)
            (-37.1612,  1.5000, 28.5040, 1.0000)>
MESH
Mountain_Group_2_Cube.017
<Matrix 4x4 ( -1.9987,  0.0000,  0.0728, 0.0000)
            ( -0.0000,  2.0000, -0.0000, 0.0000)
            ( -0.0728, -0.0000, -1.9987, 0.0000)
            (-11.5656,  1.5000, 36.5137, 1.0000)>
MESH
Mountain_Group_2_Cube.018
<Matrix 4x4 (  1.9999,  0.0000,  0.0206, 0.0000)
            ( -0.0000,  2.0000,  0.0000, 0.0000)
            ( -0.0206, -0.0000,  1.9999, 0.0000)
            (-33.5475,  1.5000, 38.7992, 1.0000)>
MESH
Mountain_Group_1_Cube.020
<Matrix 4x4 ( -1.9987,  0.0000,  0.0728, 0.0000)
            ( -0.0000,  2.0000, -0.0000, 0.0000)
            ( -0.0728, -0.0000, -1.9987, 0.0000)
            (-18.9872,  1.5000, 38.4446, 1.0000)>
MESH
Mountain_Group_1_Cube.021
<Matrix 4x4 (  1.9999,  0.0000,  0.0206, 0.0000)
            ( -0.0000,  2.0000,  0.0000, 0.0000)
            ( -0.0206, -0.0000,  1.9999, 0.0000)
            (-26.0438,  1.5000, 37.2168, 1.0000)>
MESH
Willow_Autumn_5_Cube.001
<Matrix 4x4 (-0.9308,  0.0000,  0.3654, 0.0000)
            (-0.0000,  1.0000, -0.0000, 0.0000)
            (-0.3654, -0.0000, -0.9308, 0.0000)
            (32.2216,  1.5000,  8.2075, 1.0000)>
MESH
Willow_Autumn_4_Cube.001
<Matrix 4x4 (-0.7856,  0.0000,  0.6187, 0.0000)
            (-0.0000,  1.0000, -0.0000, 0.0000)
            (-0.6187, -0.0000, -0.7856, 0.0000)
            (27.8408,  1.5000,  9.9988, 1.0000)>
MESH
Willow_Autumn_3_Cube.001
<Matrix 4x4 (-0.2280,  0.0000, -0.9737, 0.0000)
            ( 0.0000,  1.0000, -0.0000, 0.0000)
            ( 0.9737, -0.0000, -0.2280, 0.0000)
            (32.4164,  1.5000, 13.5442, 1.0000)>
MESH
Willow_Autumn_2_Cube.001
<Matrix 4x4 (-0.2731,  0.0000, -0.9620, 0.0000)
            ( 0.0000,  1.0000, -0.0000, 0.0000)
            ( 0.9620, -0.0000, -0.2731, 0.0000)
            (25.9907,  1.5000, 17.3922, 1.0000)>
MESH
Willow_Autumn_1_Cube.001
<Matrix 4x4 (-0.9006,  0.0000,  0.4346, 0.0000)
            (-0.0000,  1.0000, -0.0000, 0.0000)
            (-0.4346, -0.0000, -0.9006, 0.0000)
            (30.3991,  1.5000, 18.8413, 1.0000)>
MESH
Willow_Autumn_3_Cube.002
<Matrix 4x4 ( 0.9544,  0.0000,  0.2984, 0.0000)
            (-0.0000,  1.0000,  0.0000, 0.0000)
            (-0.2984, -0.0000,  0.9544, 0.0000)
            (33.5891,  1.5000, 29.2428, 1.0000)>
MESH
Willow_Autumn_2_Cube.002
<Matrix 4x4 ( 0.9673,  0.0000,  0.2536, 0.0000)
            (-0.0000,  1.0000,  0.0000, 0.0000)
            (-0.2536, -0.0000,  0.9673, 0.0000)
            (33.5400,  1.5000, 21.7532, 1.0000)>
MESH
Willow_Autumn_1_Cube.002
<Matrix 4x4 ( 0.0834,  0.0000, -0.9965, 0.0000)
            ( 0.0000,  1.0000,  0.0000, 0.0000)
            ( 0.9965, -0.0000,  0.0834, 0.0000)
            (30.0518,  1.5000, 24.8137, 1.0000)>
MESH
Willow_Autumn_5_Cube.002
<Matrix 4x4 ( 0.7560,  0.0000,  -0.6546, 0.0000)
            ( 0.0000,  1.0000,   0.0000, 0.0000)
            ( 0.6546, -0.0000,   0.7560, 0.0000)
            (27.2230,  1.5000, -24.4596, 1.0000)>
MESH
Willow_Autumn_5_Cube.003
<Matrix 4x4 (-0.9308,  0.0000,   0.3654, 0.0000)
            (-0.0000,  1.0000,  -0.0000, 0.0000)
            (-0.3654, -0.0000,  -0.9308, 0.0000)
            (32.2216,  1.5000, -23.2771, 1.0000)>
MESH
Willow_Autumn_4_Cube.002
<Matrix 4x4 ( 0.5347,  0.0000,  -0.8450, 0.0000)
            ( 0.0000,  1.0000,   0.0000, 0.0000)
            ( 0.8450, -0.0000,   0.5347, 0.0000)
            (30.7569,  1.5000, -27.6079, 1.0000)>
MESH
Willow_Autumn_4_Cube.003
<Matrix 4x4 (-0.7856,  0.0000,   0.6187, 0.0000)
            (-0.0000,  1.0000,  -0.0000, 0.0000)
            (-0.6187, -0.0000,  -0.7856, 0.0000)
            (27.8408,  1.5000, -21.4858, 1.0000)>
MESH
Willow_Autumn_3_Cube.003
<Matrix 4x4 ( 0.5393,  0.0000,   0.8421, 0.0000)
            (-0.0000,  1.0000,   0.0000, 0.0000)
            (-0.8421, -0.0000,   0.5393, 0.0000)
            (25.2616,  1.5000, -29.4267, 1.0000)>
MESH
Willow_Autumn_3_Cube.004
<Matrix 4x4 (-0.2280,  0.0000,  -0.9737, 0.0000)
            ( 0.0000,  1.0000,  -0.0000, 0.0000)
            ( 0.9737, -0.0000,  -0.2280, 0.0000)
            (32.4164,  1.5000, -17.9404, 1.0000)>
MESH
Willow_Autumn_2_Cube.003
<Matrix 4x4 ( 0.5779,  0.0000,   0.8161, 0.0000)
            (-0.0000,  1.0000,   0.0000, 0.0000)
            (-0.8161, -0.0000,   0.5779, 0.0000)
            (32.0982,  1.5000, -32.1442, 1.0000)>
MESH
Willow_Autumn_2_Cube.004
<Matrix 4x4 ( 0.9673,  0.0000,  0.2536, 0.0000)
            (-0.0000,  1.0000,  0.0000, 0.0000)
            (-0.2536, -0.0000,  0.9673, 0.0000)
            (33.5400,  1.5000, -9.7314, 1.0000)>
MESH
Willow_Autumn_2_Cube.005
<Matrix 4x4 (-0.2731,  0.0000,  -0.9620, 0.0000)
            ( 0.0000,  1.0000,  -0.0000, 0.0000)
            ( 0.9620, -0.0000,  -0.2731, 0.0000)
            (25.9907,  1.5000, -14.0924, 1.0000)>
MESH
Willow_Autumn_1_Cube.003
<Matrix 4x4 ( 0.7045,  0.0000,  -0.7098, 0.0000)
            ( 0.0000,  1.0000,   0.0000, 0.0000)
            ( 0.7098, -0.0000,   0.7045, 0.0000)
            (25.3992,  1.5000, -32.6061, 1.0000)>
MESH
Willow_Autumn_1_Cube.004
<Matrix 4x4 ( 0.0834,  0.0000, -0.9965, 0.0000)
            ( 0.0000,  1.0000,  0.0000, 0.0000)
            ( 0.9965, -0.0000,  0.0834, 0.0000)
            (30.0518,  1.5000, -6.6709, 1.0000)>
MESH
Willow_Autumn_1_Cube.005
<Matrix 4x4 (-0.9006,  0.0000,   0.4346, 0.0000)
            (-0.0000,  1.0000,  -0.0000, 0.0000)
            (-0.4346, -0.0000,  -0.9006, 0.0000)
            (30.3991,  1.5000, -12.6433, 1.0000)>
MESH
BirchTree_Autumn_1_Cube.006
<Matrix 4x4 (-0.8459,  0.0000,  0.5333, 0.0000)
            (-0.0000,  1.0000, -0.0000, 0.0000)
            (-0.5333, -0.0000, -0.8459, 0.0000)
            (26.4507,  1.5000, -8.2992, 1.0000)>
MESH
CommonTree_Autumn_5_Cube.001
<Matrix 4x4 ( 0.8172,  0.0000,   0.5763, 0.0000)
            (-0.0000,  1.0000,   0.0000, 0.0000)
            (-0.5763, -0.0000,   0.8172, 0.0000)
            ( 9.2516,  1.5000, -32.8118, 1.0000)>
MESH
CommonTree_Autumn_4_Cube.001
<Matrix 4x4 ( 0.9312,  0.0000,   0.3645, 0.0000)
            (-0.0000,  1.0000,   0.0000, 0.0000)
            (-0.3645, -0.0000,   0.9312, 0.0000)
            ( 5.9500,  1.5000, -26.5549, 1.0000)>
MESH
CommonTree_Autumn_3_Cube.001
<Matrix 4x4 ( 0.2116,  0.0000,  -0.9774, 0.0000)
            ( 0.0000,  1.0000,   0.0000, 0.0000)
            ( 0.9774, -0.0000,   0.2116, 0.0000)
            (17.8553,  1.5000, -27.4602, 1.0000)>
MESH
CommonTree_Autumn_2_Cube.001
<Matrix 4x4 ( 0.7254,  0.0000,  -0.6883, 0.0000)
            ( 0.0000,  1.0000,   0.0000, 0.0000)
            ( 0.6883, -0.0000,   0.7254, 0.0000)
            (12.9868,  1.5000, -25.5260, 1.0000)>
MESH
CommonTree_Autumn_1_Cube.001
<Matrix 4x4 ( 0.8053,  0.0000,   0.5929, 0.0000)
            (-0.0000,  1.0000,   0.0000, 0.0000)
            (-0.5929, -0.0000,   0.8053, 0.0000)
            ( 8.6467,  1.5000, -28.6127, 1.0000)>
MESH
CommonTree_Autumn_5_Cube.002
<Matrix 4x4 ( -0.7860,  0.0000,   0.6182, 0.0000)
            ( -0.0000,  1.0000,  -0.0000, 0.0000)
            ( -0.6182, -0.0000,  -0.7860, 0.0000)
            (-14.6116,  1.5000, -24.7620, 1.0000)>
MESH
CommonTree_Autumn_5_Cube.003
<Matrix 4x4 ( -0.7860,  0.0000,   0.6182, 0.0000)
            ( -0.0000,  1.0000,  -0.0000, 0.0000)
            ( -0.6182, -0.0000,  -0.7860, 0.0000)
            (-24.0512,  1.5000, -24.8753, 1.0000)>
MESH
CommonTree_Autumn_4_Cube.002
<Matrix 4x4 (-0.9354,  0.0000,  -0.3535, 0.0000)
            ( 0.0000,  1.0000,  -0.0000, 0.0000)
            ( 0.3535, -0.0000,  -0.9354, 0.0000)
            (-6.5164,  1.5000, -29.3171, 1.0000)>
MESH
CommonTree_Autumn_4_Cube.003
<Matrix 4x4 ( -0.9354,  0.0000,  -0.3535, 0.0000)
            (  0.0000,  1.0000,  -0.0000, 0.0000)
            (  0.3535, -0.0000,  -0.9354, 0.0000)
            (-17.1541,  1.5000, -29.1910, 1.0000)>
MESH
CommonTree_Autumn_3_Cube.002
<Matrix 4x4 ( -0.2000,  0.0000,   0.9798, 0.0000)
            ( -0.0000,  1.0000,  -0.0000, 0.0000)
            ( -0.9798, -0.0000,  -0.2000, 0.0000)
            (-15.2764,  1.5000, -28.3079, 1.0000)>
MESH
CommonTree_Autumn_3_Cube.003
<Matrix 4x4 ( -0.2000,  0.0000,   0.9798, 0.0000)
            ( -0.0000,  1.0000,  -0.0000, 0.0000)
            ( -0.9798, -0.0000,  -0.2000, 0.0000)
            (-25.9141,  1.5000, -28.1819, 1.0000)>
MESH
CommonTree_Autumn_2_Cube.002
<Matrix 4x4 ( -0.7172,  0.0000,   0.6968, 0.0000)
            ( -0.0000,  1.0000,  -0.0000, 0.0000)
            ( -0.6968, -0.0000,  -0.7172, 0.0000)
            (-12.5141,  1.5000, -31.8627, 1.0000)>
MESH
CommonTree_Autumn_2_Cube.003
<Matrix 4x4 ( -0.7172,  0.0000,   0.6968, 0.0000)
            ( -0.0000,  1.0000,  -0.0000, 0.0000)
            ( -0.6968, -0.0000,  -0.7172, 0.0000)
            (-23.1517,  1.5000, -31.7366, 1.0000)>
MESH
CommonTree_Autumn_1_Cube.002
<Matrix 4x4 (-0.8123,  0.0000,  -0.5833, 0.0000)
            ( 0.0000,  1.0000,  -0.0000, 0.0000)
            ( 0.5833, -0.0000,  -0.8123, 0.0000)
            (-9.1885,  1.5000, -27.2275, 1.0000)>
MESH
CommonTree_Autumn_1_Cube.003
<Matrix 4x4 ( -0.8123,  0.0000,  -0.5833, 0.0000)
            (  0.0000,  1.0000,  -0.0000, 0.0000)
            (  0.5833, -0.0000,  -0.8123, 0.0000)
            (-19.8261,  1.5000, -27.1014, 1.0000)>
MESH
CommonTree_Autumn_5_Cube.004
<Matrix 4x4 ( 0.7933,  0.0000,  -0.6088, 0.0000)
            ( 0.0000,  1.0000,   0.0000, 0.0000)
            ( 0.6088, -0.0000,   0.7933, 0.0000)
            (15.5858,  1.5000, -32.8118, 1.0000)>
MESH
CommonTree_Autumn_5_Cube.005
<Matrix 4x4 ( 0.7933,  0.0000,  -0.6088, 0.0000)
            ( 0.0000,  1.0000,   0.0000, 0.0000)
            ( 0.6088, -0.0000,   0.7933, 0.0000)
            (26.2242,  1.5000, -32.8118, 1.0000)>
MESH
CommonTree_Autumn_4_Cube.004
<Matrix 4x4 ( 0.9312,  0.0000,   0.3645, 0.0000)
            (-0.0000,  1.0000,   0.0000, 0.0000)
            (-0.3645, -0.0000,   0.9312, 0.0000)
            (22.3611,  1.5000, -26.5549, 1.0000)>
MESH
CommonTree_Autumn_3_Cube.004
<Matrix 4x4 (-0.4538,  0.0000,  -0.8911, 0.0000)
            ( 0.0000,  1.0000,  -0.0000, 0.0000)
            ( 0.8911, -0.0000,  -0.4538, 0.0000)
            (17.3853,  1.5000, -30.5101, 1.0000)>
MESH
CommonTree_Autumn_1_Cube.004
<Matrix 4x4 ( 0.8053,  0.0000,   0.5929, 0.0000)
            (-0.0000,  1.0000,   0.0000, 0.0000)
            (-0.5929, -0.0000,   0.8053, 0.0000)
            (21.9490,  1.5000, -32.6216, 1.0000)>
MESH
CommonTree_Autumn_3_Cube.005
<Matrix 4x4 (-0.2000,  0.0000,   0.9798, 0.0000)
            (-0.0000,  1.0000,  -0.0000, 0.0000)
            (-0.9798, -0.0000,  -0.2000, 0.0000)
            (-4.0309,  1.5000, -32.4796, 1.0000)>
MESH
CommonTree_Autumn_5_Cube.006
<Matrix 4x4 ( -0.7860,  0.0000,   0.6182, 0.0000)
            ( -0.0000,  1.0000,  -0.0000, 0.0000)
            ( -0.6182, -0.0000,  -0.7860, 0.0000)
            (-28.7169,  1.5000, -24.8753, 1.0000)>
MESH
CommonTree_Autumn_3_Cube.006
<Matrix 4x4 ( -0.2000,  0.0000,   0.9798, 0.0000)
            ( -0.0000,  1.0000,  -0.0000, 0.0000)
            ( -0.9798, -0.0000,  -0.2000, 0.0000)
            (-30.5798,  1.5000, -28.1819, 1.0000)>
MESH
CommonTree_Autumn_2_Cube.004
<Matrix 4x4 ( -0.7172,  0.0000,   0.6968, 0.0000)
            ( -0.0000,  1.0000,  -0.0000, 0.0000)
            ( -0.6968, -0.0000,  -0.7172, 0.0000)
            (-27.8174,  1.5000, -31.7366, 1.0000)>
MESH
Ground
<Matrix 4x4 (1.0000,  0.0000, 0.0000, 0.0000)
            (0.0000,  1.0000, 0.0000, 0.0000)
            (0.0000, -0.0000, 1.0000, 0.0000)
            (0.0000,  0.0000, 0.0000, 1.0000)>
