# Game Level Exporter v1.3
LIGHT
Light
<Matrix 4x4 (-0.2909, -0.0552,  0.9552, 0.0000)
            (-0.7711,  0.6045, -0.1999, 0.0000)
            (-0.5664, -0.7947, -0.2184, 0.0000)
            ( 1.9077,  5.9039, -0.3748, 1.0000)>
CAMERA
Camera
<Matrix 4x4 ( 0.6859,  0.0000,  0.7277, 0.0000)
            (-0.3240,  0.8954,  0.3054, 0.0000)
            (-0.6516, -0.4453,  0.6142, 0.0000)
            ( 9.0884,  4.9583, -6.9258, 1.0000)>
MESH
tree_001
<Matrix 4x4 ( 1.0000,  0.0000,   0.0000, 0.0000)
            ( 0.0000,  1.0000,   0.0000, 0.0000)
            ( 0.0000, -0.0000,   1.0000, 0.0000)
            (-3.3699,  1.5000, -30.7188, 1.0000)>
MESH
tree_001.001
<Matrix 4x4 (0.4963,  0.0000,  -0.8681, 0.0000)
            (0.0000,  1.0000,   0.0000, 0.0000)
            (0.8681, -0.0000,   0.4963, 0.0000)
            (8.4855,  1.5000, -31.5572, 1.0000)>
MESH
tree_001.002
<Matrix 4x4 ( -0.0793,  0.0000,  0.9969, 0.0000)
            ( -0.0000,  1.0000, -0.0000, 0.0000)
            ( -0.9969, -0.0000, -0.0793, 0.0000)
            (-10.0615,  1.5000, 21.5128, 1.0000)>
MESH
tree_001.003
<Matrix 4x4 (-0.0793,  0.0000,  0.9969, 0.0000)
            (-0.0000,  1.0000, -0.0000, 0.0000)
            (-0.9969, -0.0000, -0.0793, 0.0000)
            ( 7.8657,  1.5000, 29.3166, 1.0000)>
MESH
tree_001.004
<Matrix 4x4 ( 0.4965,  0.0000, -0.8680, 0.0000)
            ( 0.0000,  1.0000,  0.0000, 0.0000)
            ( 0.8680, -0.0000,  0.4965, 0.0000)
            (30.5253,  1.5000,  6.2161, 1.0000)>
MESH
table_001
<Matrix 4x4 (1.0000,  0.0000,  0.0000, 0.0000)
            (0.0000,  1.0000,  0.0000, 0.0000)
            (0.0000, -0.0000,  1.0000, 0.0000)
            (1.7777,  1.5000, -0.3493, 1.0000)>
MESH
barrel_001
<Matrix 4x4 (1.0000,  0.0000, 0.0000, 0.0000)
            (0.0000,  1.0000, 0.0000, 0.0000)
            (0.0000, -0.0000, 1.0000, 0.0000)
            (2.8520,  1.5000, 6.8215, 1.0000)>
MESH
plate_001
<Matrix 4x4 (0.8179, -0.0000, -0.5753, 0.0000)
            (0.0000,  1.0000,  0.0000, 0.0000)
            (0.5753, -0.0000,  0.8179, 0.0000)
            (2.1030,  2.2519, -1.1277, 1.0000)>
MESH
plate_002
<Matrix 4x4 ( 0.9477, -0.0000,  0.3191, 0.0000)
            ( 0.0000,  1.0000, -0.0000, 0.0000)
            (-0.3191,  0.0000,  0.9477, 0.0000)
            ( 1.2409,  2.2541, -1.1104, 1.0000)>
MESH
plate_003
<Matrix 4x4 ( 0.7194,  0.0000, 0.6946, 0.0000)
            (-0.0000,  1.0000, 0.0000, 0.0000)
            (-0.6946, -0.0000, 0.7194, 0.0000)
            ( 2.0557,  2.2489, 0.4201, 1.0000)>
MESH
bag_001
<Matrix 4x4 (1.0000,  0.0000, 0.0000, 0.0000)
            (0.0000,  1.0000, 0.0000, 0.0000)
            (0.0000, -0.0000, 1.0000, 0.0000)
            (3.5432,  2.1575, 8.2295, 1.0000)>
MESH
bag_002
<Matrix 4x4 (1.0000,  0.0000, 0.0000, 0.0000)
            (0.0000,  1.0000, 0.0000, 0.0000)
            (0.0000, -0.0000, 1.0000, 0.0000)
            (4.1620,  2.1925, 8.1337, 1.0000)>
MESH
bag_003
<Matrix 4x4 (1.0000,  0.0000, 0.0000, 0.0000)
            (0.0000,  1.0000, 0.0000, 0.0000)
            (0.0000, -0.0000, 1.0000, 0.0000)
            (4.0979,  2.1828, 7.5918, 1.0000)>
MESH
bag_004
<Matrix 4x4 (1.0000,  0.0000, 0.0000, 0.0000)
            (0.0000,  1.0000, 0.0000, 0.0000)
            (0.0000, -0.0000, 1.0000, 0.0000)
            (3.5571,  2.1715, 7.6666, 1.0000)>
MESH
big_fabulous_tree_001
<Matrix 4x4 (1.0000,  0.0000,   0.0000, 0.0000)
            (0.0000,  1.0000,   0.0000, 0.0000)
            (0.0000, -0.0000,   1.0000, 0.0000)
            (7.3640,  1.5000, -11.4556, 1.0000)>
MESH
box_001
<Matrix 4x4 ( 0.9945, -0.0000, 0.1048, 0.0000)
            (-0.0000,  1.0000, 0.0000, 0.0000)
            (-0.1048, -0.0000, 0.9945, 0.0000)
            ( 0.0697,  1.5000, 8.5538, 1.0000)>
MESH
box_001_001
<Matrix 4x4 (1.0000,  0.0000, 0.0000, 0.0000)
            (0.0000,  1.0000, 0.0000, 0.0000)
            (0.0000, -0.0000, 1.0000, 0.0000)
            (3.5787,  2.2265, 8.8816, 1.0000)>
MESH
box_002
<Matrix 4x4 (-0.0636,  0.0000,  0.9980, 0.0000)
            (-0.0000,  1.0000, -0.0000, 0.0000)
            (-0.9980, -0.0000, -0.0636, 0.0000)
            ( 3.5664,  2.5675,  8.8924, 1.0000)>
MESH
box_003
<Matrix 4x4 (-0.0000, 0.0000,  1.0000, 0.0000)
            ( 0.0000, 1.0000,  0.0000, 0.0000)
            (-1.0000, 0.0000, -0.0000, 0.0000)
            ( 4.1406, 2.2282,  8.9032, 1.0000)>
MESH
bucket_001
<Matrix 4x4 (-0.3887, -0.0000, -0.9214, 0.0000)
            ( 0.0000,  1.0000, -0.0000, 0.0000)
            ( 0.9214, -0.0000, -0.3887, 0.0000)
            ( 2.8273,  2.1878,  6.8247, 1.0000)>
MESH
cart_001
<Matrix 4x4 (-0.0000, 0.0000, -1.0000, 0.0000)
            (-0.0000, 1.0000,  0.0000, 0.0000)
            ( 1.0000, 0.0000, -0.0000, 0.0000)
            ( 3.8782, 1.5000,  8.3704, 1.0000)>
MESH
fabulous_mushroom_001
<Matrix 4x4 ( 1.0000,  0.0000,  0.0000, 0.0000)
            ( 0.0000,  1.0000,  0.0000, 0.0000)
            ( 0.0000, -0.0000,  1.0000, 0.0000)
            (-7.9049,  1.5000, -2.6820, 1.0000)>
MESH
fabulous_mushroom_002
<Matrix 4x4 ( 1.0000,  0.0000, 0.0000, 0.0000)
            ( 0.0000,  1.0000, 0.0000, 0.0000)
            ( 0.0000, -0.0000, 1.0000, 0.0000)
            (-8.1187,  1.5000, 4.2163, 1.0000)>
MESH
fabulous_mushroom_003
<Matrix 4x4 ( 1.0000,  0.0000,  0.0000, 0.0000)
            ( 0.0000,  1.0000,  0.0000, 0.0000)
            ( 0.0000, -0.0000,  1.0000, 0.0000)
            (-7.5375,  1.5000, -4.2021, 1.0000)>
MESH
fabulous_mushroom_004
<Matrix 4x4 ( 1.0000,  0.0000,  0.0000, 0.0000)
            ( 0.0000,  1.0000,  0.0000, 0.0000)
            ( 0.0000, -0.0000,  1.0000, 0.0000)
            (-8.7676,  1.5000, -3.4262, 1.0000)>
MESH
fabulous_tree_001
<Matrix 4x4 (  1.0000,  0.0000,  0.0000, 0.0000)
            (  0.0000,  1.0000,  0.0000, 0.0000)
            (  0.0000, -0.0000,  1.0000, 0.0000)
            (-22.8874,  1.5000, -5.3216, 1.0000)>
MESH
fir_001
<Matrix 4x4 (1.0000,  0.0000,  0.0000, 0.0000)
            (0.0000,  1.0000,  0.0000, 0.0000)
            (0.0000, -0.0000,  1.0000, 0.0000)
            (0.0000,  1.5000, 20.0711, 1.0000)>
MESH
holder_001
<Matrix 4x4 (-0.0000, 0.0000,  1.0000, 0.0000)
            ( 0.0000, 1.0000,  0.0000, 0.0000)
            (-1.0000, 0.0000, -0.0000, 0.0000)
            (11.8527, 1.5000,  2.4519, 1.0000)>
MESH
house_001
<Matrix 4x4 ( 1.0000,  0.0000,  0.0000, 0.0000)
            ( 0.0000,  1.0000,  0.0000, 0.0000)
            ( 0.0000, -0.0000,  1.0000, 0.0000)
            (-8.3038,  1.5000, -0.2002, 1.0000)>
MESH
house_002
<Matrix 4x4 (-0.0000, 0.0000,   1.0000, 0.0000)
            ( 0.0000, 1.0000,   0.0000, 0.0000)
            (-1.0000, 0.0000,  -0.0000, 0.0000)
            ( 1.7295, 1.5000, -11.8741, 1.0000)>
MESH
house_003
<Matrix 4x4 (-1.0000,  0.0000, -0.0000, 0.0000)
            ( 0.0000,  1.0000, -0.0000, 0.0000)
            ( 0.0000, -0.0000, -1.0000, 0.0000)
            (11.8829,  1.5000, -0.1918, 1.0000)>
MESH
jug_001
<Matrix 4x4 ( 0.9278,  0.0000,  0.3731, 0.0000)
            (-0.0000,  1.0000,  0.0000, 0.0000)
            (-0.3731, -0.0000,  0.9278, 0.0000)
            ( 1.8571,  2.2656, -0.3129, 1.0000)>
MESH
jug_002
<Matrix 4x4 (0.3581,  0.0000, -0.4846, 0.0000)
            (0.0000,  0.6026,  0.0000, 0.0000)
            (0.4846, -0.0000,  0.3581, 0.0000)
            (0.7711,  2.0225,  8.3006, 1.0000)>
MESH
jug_003
<Matrix 4x4 (1.0000,  0.0000, 0.0000, 0.0000)
            (0.0000,  1.0000, 0.0000, 0.0000)
            (0.0000, -0.0000, 1.0000, 0.0000)
            (1.3258,  2.2485, 0.3500, 1.0000)>
MESH
jug_004
<Matrix 4x4 (1.0000,  0.0000, 0.0000, 0.0000)
            (0.0000,  1.0000, 0.0000, 0.0000)
            (0.0000, -0.0000, 1.0000, 0.0000)
            (4.8108,  2.0497, 7.1067, 1.0000)>
MESH
log_001
<Matrix 4x4 (-0.0000, 0.0000, -1.0000, 0.0000)
            (-0.0000, 1.0000,  0.0000, 0.0000)
            ( 1.0000, 0.0000, -0.0000, 0.0000)
            (11.8435, 1.5000, -2.6852, 1.0000)>
MESH
log_002
<Matrix 4x4 (-0.0000, 0.0000, -1.0000, 0.0000)
            (-0.0000, 1.0000,  0.0000, 0.0000)
            ( 1.0000, 0.0000, -0.0000, 0.0000)
            ( 9.8822, 1.5000, -4.3940, 1.0000)>
MESH
log_003
<Matrix 4x4 (-0.0000, 0.0000, -1.0000, 0.0000)
            (-0.0000, 1.0000,  0.0000, 0.0000)
            ( 1.0000, 0.0000, -0.0000, 0.0000)
            (11.3882, 1.5000, -4.2039, 1.0000)>
MESH
log_004
<Matrix 4x4 (-0.0000, 0.0000, -1.0000, 0.0000)
            (-0.0000, 1.0000,  0.0000, 0.0000)
            ( 1.0000, 0.0000, -0.0000, 0.0000)
            (12.5862, 1.5000, -4.1547, 1.0000)>
MESH
stall_001
<Matrix 4x4 (-0.0000, 0.0000, -1.0000, 0.0000)
            (-0.0000, 1.0000,  0.0000, 0.0000)
            ( 1.0000, 0.0000, -0.0000, 0.0000)
            ( 0.9157, 1.5000,  8.2925, 1.0000)>
MESH
stall_table_001
<Matrix 4x4 ( 1.0000,  0.0000, 0.0000, 0.0000)
            ( 0.0000,  1.0000, 0.0000, 0.0000)
            ( 0.0000, -0.0000, 1.0000, 0.0000)
            (-0.8713,  1.5000, 8.1916, 1.0000)>
MESH
fir_001.001
<Matrix 4x4 ( 0.2968,  0.0000,   0.9549, 0.0000)
            (-0.0000,  1.0000,   0.0000, 0.0000)
            (-0.9549, -0.0000,   0.2968, 0.0000)
            (31.7004,  1.5000, -14.9283, 1.0000)>
MESH
fir_001.002
<Matrix 4x4 (  0.9200,  0.0000, -0.3919, 0.0000)
            (  0.0000,  1.0000,  0.0000, 0.0000)
            (  0.3919, -0.0000,  0.9200, 0.0000)
            (-16.7447,  1.5000, 34.7666, 1.0000)>
MESH
fir_001.003
<Matrix 4x4 ( 0.5149,  0.0000,  -0.8573, 0.0000)
            ( 0.0000,  1.0000,   0.0000, 0.0000)
            ( 0.8573, -0.0000,   0.5149, 0.0000)
            (11.6820,  1.5000, -36.4356, 1.0000)>
MESH
fir_001.004
<Matrix 4x4 (  0.5149,  0.0000,  -0.8573, 0.0000)
            (  0.0000,  1.0000,   0.0000, 0.0000)
            (  0.8573, -0.0000,   0.5149, 0.0000)
            (-19.8772,  1.5000, -16.2345, 1.0000)>
MESH
box_001.001
<Matrix 4x4 (0.9786,  0.0000, -0.2057, 0.0000)
            (0.0000,  1.0000,  0.0000, 0.0000)
            (0.2057, -0.0000,  0.9786, 0.0000)
            (0.7534,  1.5000,  8.3057, 1.0000)>
MESH
box_001.002
<Matrix 4x4 ( 0.8031,  0.0000, 0.5959, 0.0000)
            (-0.0000,  1.0000, 0.0000, 0.0000)
            (-0.5959, -0.0000, 0.8031, 0.0000)
            ( 1.6140,  1.5000, 8.5994, 1.0000)>
MESH
box_001.003
<Matrix 4x4 ( 0.9028,  0.0000, 0.4301, 0.0000)
            (-0.0000,  1.0000, 0.0000, 0.0000)
            (-0.4301, -0.0000, 0.9028, 0.0000)
            ( 1.6176,  2.0450, 8.5839, 1.0000)>
MESH
box_001.004
<Matrix 4x4 (0.9903,  0.0000, -0.1392, 0.0000)
            (0.0000,  1.0000,  0.0000, 0.0000)
            (0.1392, -0.0000,  0.9903, 0.0000)
            (4.7996,  1.5222,  7.1391, 1.0000)>
MESH
Cylinder
<Matrix 4x4 (2.0000,  0.0000,  0.0000, 0.0000)
            (0.0000,  0.0000,  2.0000, 0.0000)
            (0.0000, -0.0250,  0.0000, 0.0000)
            (1.7941,  1.4800, -0.3163, 1.0000)>
MESH
Plane
<Matrix 4x4 (0.5931,  0.0000,  0.0000, 0.0000)
            (0.0000,  0.0000,  5.4716, 0.0000)
            (0.0000, -0.8420,  0.0000, 0.0000)
            (1.7441,  1.5100, -7.5748, 1.0000)>
MESH
Plane.001
<Matrix 4x4 (-0.0000,  0.0000,  0.4828, 0.0000)
            (-3.0636,  0.0000, -0.0000, 0.0000)
            ( 0.0000, -1.0000,  0.0000, 0.0000)
            ( 6.7308,  1.5100, -0.2244, 1.0000)>
MESH
Plane.002
<Matrix 4x4 (-0.0000,  0.0000,  0.6092, 0.0000)
            (-3.7590,  0.0000, -0.0000, 0.0000)
            ( 0.0000, -1.0000,  0.0000, 0.0000)
            (-3.8088,  1.5100, -0.2244, 1.0000)>
MESH
Plane.003
<Matrix 4x4 (-0.0000,  0.0000,  2.0981, 0.0000)
            (-3.5944,  0.0000, -0.0000, 0.0000)
            ( 0.0000, -1.0000,  0.0000, 0.0000)
            ( 2.0129,  1.5100,  8.2119, 1.0000)>
MESH
Cube
<Matrix 4x4 (1.0000,  0.0000, 0.0000, 0.0000)
            (0.0000,  1.0000, 0.0000, 0.0000)
            (0.0000, -0.0000, 1.0000, 0.0000)
            (0.0000,  0.0000, 0.0000, 1.0000)>
